#r:1000000 p:0.01 pF:0.5 k: 16 c1:0.01 c2:0.1 c3:0.01
# Ratio of distance from expected share of reward for node_1,.,node_n 
0.010062925980253268,0.004694981991255251,0.000728692949423373,0.001662037433457375,0.0007403670359419474,0.005976069632794518,0.0005251349882486908,0.007265268843396719,0.008823295097314002,0.004977571203748659
0.0006873490138176575,0.0030490421562386657,0.0007806476160702873,0.002100910283503376,0.006029351173782491,0.003193386312733894,0.003335397976355203,0.005240087093701719,0.0035809839116740802,0.0017036888204403854
0.005268899591243256,0.0010495268327242856,0.011480155145424005,0.00012047536584645619,0.00747533289486004,0.0023675593751036777,0.01719977941680827,0.006963201495867916,0.003903129059159182,0.005280230248533915
0.006126595653501425,0.002004279751956033,0.008465399257051127,0.0031185992225708403,0.0015010009995263993,0.0007522026093653016,0.0029769819225303937,0.0052646723505314,0.010239695613883883,0.002026237115616346
0.002705639044847128,0.008974848255652458,0.000763215997455846,0.007195162352803034,0.008582088477831538,0.00615725987027429,0.007374891767325037,0.005899678627961617,0.0037761046789698658,0.004000495865604527
0.004504979020660069,0.005084195504763557,0.003019652632197296,0.001887609791803255,0.0011116290690656077,0.005950575956492877,0.006137577369377657,0.010609612144378264,0.003297566586377165,0.0006635672410938185
0.0039317012934497325,0.0011576036071997205,0.004648277374769301,0.003496079073272198,0.002928161577883455,0.0013137819048085924,0.0038652403002506965,0.003510608683055592,0.006356446717654466,0.004740577834961267
0.009278602266869744,0.0031550519553535427,0.00013643443570285485,0.0011248620649561686,0.0030389224395401806,0.0007549111306756076,0.0006836476367425838,0.0015213193516203454,0.0010660574917389027,0.0046123135921498064
0.005746338681587636,0.005836390905991625,0.0019997129361314487,0.0057346698742467015,0.008757044707568171,0.0005865757967594813,0.003979562298281179,0.001616427077169874,0.0044581843113497875,0.015073006448871164
0.008363962569701794,0.00197132784776312,0.0021935896026652165,0.0036660469404517057,0.001049597843507222,0.012029079910467607,0.02036245632705003,0.0023424393939041705,0.0037970449858125864,0.005917402467847336
