#r:1000000 p:0.01 pF:0.5 k: 16 c1:0.01 c2:0.1 c3:0.01
# Ratio of distance from expected share of reward for node_1,.,node_n 
0.024267445373074212,0.025274393313865672,0.019232705669116907,0.012989628436209847,0.027086899607290302,0.007149330379619374,0.02124660155069983,0.02406605578491592,0.03413553519283053,0.0011076427348706071
0.007194244604316547,0.03434998480089168,0.0069915898267301655,0.008207518492248454,0.02543317458709089,0.003951768162934442,0.0059783159387982576,0.02948627013881852,0.030296889249164047,0.011247340156044179
0.02606587189331178,0.02849060416245706,0.023439078601737724,0.04364518084461507,0.05374823196605375,0.04526166902404526,0.04829258436047686,0.03515861790260659,0.0048494645382905635,0.010305112143867447
0.018425796114560383,0.0006008411776487082,0.02343280592829962,0.02343280592829962,0.002403364710594833,0.017424394151812538,0.031644302022831965,0.020628880432605648,0.005607850991387943,0.02663729220909273
0.010091017016224772,0.018005540166204988,0.06608626830233479,0.009695290858725761,0.06549267906608627,0.001187178472497032,0.01662049861495845,0.012663237039968342,0.012663237039968342,0.02295211713494262
0.005204163330664532,0.05584467574059247,0.01421136909527622,0.04023218574859888,0.026821457165732587,0.03582866293034428,0.0068054443554843875,0.06825460368294636,0.012810248198558846,0.010208166533226582
0.053621448579431776,0.001600640256102441,0.009603841536614645,0.023609443777511004,0.006402561024409764,0.0584233693477391,0.0234093637454982,0.006402561024409764,0.017607042817126852,0.011404561824729893
0.07078403850010026,0.018447964708241428,0.04551834770403048,0.064567876478845,0.005614597954682173,0.005614597954682173,0.0026067776218167233,0.006617204732303991,0.008622418287547624,0.02867455383998396
0.01195219123505976,0.00199203187250996,0.044820717131474105,0.060756972111553786,0.061752988047808766,0.010956175298804782,0.05079681274900399,0.00796812749003984,0.008964143426294821,0.11055776892430279
0.04599659284497445,0.003908207235193907,0.023148612085379296,0.015933460266559774,0.01192504258943782,0.01893977352440124,0.0872832949193306,0.01994187794368173,0.026154925343220763,0.01994187794368173
