#r:710394 p:0.0033333333333333335 pF:1 k: 16 c1:0.01 c2:0.1 c3:0.01
# Distance from expected rounds to pass threshold in terms of %. Can be negative. Node_1, ...,
12.005302401640144,12.968765254320022,0.186712877086791,13.786854437176608,4.718618812847798,0.7489871131504442,1.8239590452016012,5.221858830420775,11.278434052523675,15.547660597481205
1.394702479742263,8.165179878941716,11.457824855999219,9.331677731133457,5.844235087376745,2.2693851898857758,10.499243385726837,4.869484037879528,12.103387679390803,7.251293566337987
11.724775456409255,2.2599275114712487,2.6187091184223372,11.609910426632823,3.8384445474958504,3.89793639558723,9.7253917309382,1.4087364541638192,2.7358622962022845,3.50437493898272
0.38013765498389146,5.157485599921898,5.773149956067558,4.342752367470467,13.440428829444498,2.652573708874353,5.381113931465391,1.2546678219271699,0.8759030557453871,3.6735453480425657
0.25795055159621205,0.3020355364639266,9.915155472029678,11.849403251000682,5.7967941521038755,13.456445865469103,4.55890608220248,16.240664356145658,12.091489309772529,2.563946109538221
1.1225654105242604,5.8155569657326955,0.9176998926095871,6.791833447232257,0.889326857366006,2.7770489602655473,0.4855450063457971,5.153519476715806,6.039185297276188,4.410176461974031
2.107689397637411,4.365786390705848,1.501177633505809,17.360483989065703,8.47697818022064,6.098524602167334,7.000360001952553,0.42407009665137163,2.7399809626086107,10.126580347554427
17.155465927950793,4.373108464317094,3.0209655374402034,1.8595016108561944,12.77732353802597,5.742946402421166,0.4992738943668847,2.487216879820365,5.057874890168896,10.895855706336034
4.026377770184516,10.349598506296983,0.9750561358976861,10.377513911939861,18.402048960265546,1.484855511080738,6.453187542712096,4.547007712584204,4.244667089719808,4.140785170360246
1.188006443424778,4.50932954212633,6.585595040515474,9.799680269452308,0.8052755540369032,8.365621644049595,2.1075368544371766,0.3188152884897003,2.98862637899053,3.8411903251000683
